image: outdoor3_0509.pgm
resolution: 0.050000
origin: [-8.750000, -15.355925, 0.000000]
negate: 0
occupied_thresh: 0.65
free_thresh: 0.196

