image: outdoor2_0509.pgm
resolution: 0.050000
origin: [-31.450781, -7.618246, 0.000000]
negate: 0
occupied_thresh: 0.65
free_thresh: 0.196

