image: room4.pgm
resolution: 0.050000
origin: [-7.820377, -5.250000, 0.000000]
negate: 0
occupied_thresh: 0.65
free_thresh: 0.196

