image: room2.pgm
resolution: 0.050000
origin: [-8.592743, -3.268948, 0.000000]
negate: 0
occupied_thresh: 0.65
free_thresh: 0.196

