image: two_floor.pgm
resolution: 0.050000
origin: [-4.408982, -9.167340, 0.000000]
negate: 0
occupied_thresh: 0.65
free_thresh: 0.196

